98465000 169030000 99475000 168180000
98420000 169065000 98465000 169030000
97365000 169950000 98420000 169065000
97230000 170085000 97365000 169950000
96310000 171005000 97230000 170085000
96190000 171140000 96310000 171005000
95295000 172190000 96190000 171140000
95255000 172240000 95295000 172190000
94480000 173245000 95255000 172240000
94205000 173635000 94480000 173245000
93705000 174300000 94205000 173635000
93150000 175110000 93705000 174300000
92970000 175355000 93150000 175110000
92285000 176405000 92970000 175355000
92095000 176725000 92285000 176405000
91620000 177460000 92095000 176725000
91040000 178435000 91620000 177460000
90980000 178515000 91040000 178435000
90010000 179570000 90980000 178515000
79585000 188000000 80505000 187315000
80505000 187315000 81110000 186945000
81110000 186945000 81555000 186685000
81555000 186685000 82610000 186025000
82610000 186025000 82780000 185890000
82780000 185890000 83665000 184885000
83665000 184885000 83695000 184840000
83695000 184840000 84265000 183785000
84265000 183785000 84720000 182875000
84720000 182875000 84800000 182730000
84800000 182730000 85490000 181675000
85490000 181675000 85770000 181335000
85770000 181335000 86710000 180625000
86710000 180625000 86825000 180550000
86825000 180550000 87880000 180235000
87880000 180235000 88935000 180040000
88935000 180040000 89990000 179590000
89990000 179590000 90010000 179570000
108785000 188000000 79585000 188000000
99475000 168180000 99715000 167975000
99715000 167975000 100525000 167220000
100525000 167220000 100920000 166920000
100920000 166920000 101580000 166415000
101580000 166415000 102635000 166015000
102635000 166015000 103690000 166005000
103690000 166005000 104745000 166295000
104745000 166295000 105795000 166840000
105795000 166840000 105930000 166920000
105930000 166920000 106850000 167515000
106850000 167515000 107560000 167975000
107560000 167975000 107905000 168260000
107905000 168260000 108960000 169015000
108960000 169015000 108990000 169030000
108990000 169030000 110010000 169860000
110010000 169860000 110475000 170085000
110475000 170085000 110790000 171140000
110790000 171140000 110010000 171900000
110010000 171900000 109905000 172190000
109905000 172190000 109245000 173245000
109245000 173245000 108960000 173795000
108960000 173795000 108735000 174300000
108735000 174300000 108595000 175355000
108595000 175355000 108805000 176405000
108805000 176405000 108960000 176760000
108960000 176760000 109210000 177460000
109210000 177460000 109660000 178515000
109660000 178515000 110010000 179545000
110010000 179545000 110020000 179570000
110020000 179570000 110180000 180625000
110180000 180625000 110145000 181675000
110145000 181675000 110010000 182710000
110010000 182710000 110010000 182730000
110010000 182730000 109850000 183785000
109850000 183785000 109665000 184840000
109665000 184840000 109440000 185890000
109440000 185890000 109155000 186945000
109155000 186945000 108960000 187555000
108960000 187555000 108785000 188000000
